0.000000000000000 
0.000000000000000 
0.000000000000000 
0.000000000000000 
0.000000000000000 
0.000000000000000 
0.000000000000000 
0.000000000000000 
0.000000000000000 
0.000000000000000 
0.000000000000000 
0.000000000000000 
0.000000000000000 
0.000000000000000 
0.000000000000000 
0.000000000000000 
0.000007706073697 
0.018595067260892 
1.181808944006624 
8.165061516882409 
10.552074067852514 
-1.851344577425382 
-8.566914783763202 
-1.678085118133239 
6.453725815244596 
6.365504758187861 
2.198253743209994 
-1.436431622622506 
-3.790452631118089 
-4.809439508559209 
-4.388012521261857 
-3.097501632173179 
-1.901368291196749 
-1.450250511957960 
-1.348411809922981 
-0.627465638199582 
0.941342687807671 
2.528964698046837 
3.438664238864420 
3.635606134125135 
3.260225021856297 
2.421653304289395 
1.324468882002131 
0.123578801068949 
-0.991708083616492 
-1.860854598780039 
-2.344289631041462 
-2.414255633860215 
-2.138826958057087 
-1.658823827447759 
-1.080476380273296 
-0.496831192391934 
0.046717569117159 
0.468512050626953 
0.821225801961522 
1.046432207495694 
1.273224309781299 
1.422956056760046 
1.378657430298955 
1.199687255262928 
0.847994906617493 
0.487676073790859 
0.034156498581340 
-0.490110921721677 
-0.899369481950760 
-1.200982494550429 
-1.319292010011946 
-1.244055206119720 
-1.036931465887702 
-0.689168492886186 
-0.323995904844040 
0.059365645758338 
0.456474286762049 
0.695269120763138 
0.825484658703163 
0.816603547972471 
0.788163320383348 
0.662985959396747 
0.000000000000000 
