0.000000000000000 
0.000000000000000 
0.000000000000000 
0.000000000000000 
0.000000000000000 
0.000000000000000 
0.000000000000000 
0.000000000000000 
0.000000000000000 
0.000000000000000 
0.000000000000000 
0.000000000000000 
0.000000000000000 
0.000000000000000 
0.000000000000000 
0.000000000000000 
-0.000002234688677 
-0.008422498951816 
-0.550865142294368 
-3.942027986107830 
-5.671406985805794 
-0.461727886847692 
2.823454211942212 
-0.037706622989543 
-3.855135155380313 
-4.165366063940408 
-2.551998871125879 
-1.021248586509573 
0.095837047996373 
0.645387919585281 
0.560192198767204 
0.041195009193752 
-0.478667728574879 
-0.657892047316720 
-0.693697554101365 
-1.027046142385763 
-1.772185122291430 
-2.583790137200501 
-3.136712140602437 
-3.370513774612448 
-3.317582922397528 
-3.055880011151752 
-2.687749192055069 
-2.216354785076374 
-1.752154903697624 
-1.378606657192289 
-1.174486413096064 
-1.145711162966208 
-1.262381024453801 
-1.496625140984616 
-1.767543919766688 
-2.085287262319538 
-2.364625495186532 
-2.600617447090931 
-2.835283181926072 
-3.020998209455533 
-3.172613951420765 
-3.310106285479018 
-3.384580188709500 
-3.359521274863873 
-3.337514792812585 
-3.160963687181452 
-2.960125779823370 
-2.829452153224581 
-2.669017664090603 
-2.584144468701696 
-2.575388540074882 
-2.626741573057474 
-2.732826591518218 
-2.974043805236663 
-3.183324429482759 
-3.406976021224781 
-3.597759379576037 
-3.782860846221533 
-3.918254908893944 
-3.962314464456921 
-4.015847661163374 
19.375149203131905 
0.000000000000000 
