0.000000000000000 
0.000000000000000 
0.000000000000000 
0.000000000000000 
0.000000000000000 
0.000000000000000 
0.000000000000000 
0.000000000000000 
0.000000000000000 
0.000000000000000 
0.000000000000000 
0.000000000000000 
0.000000000000000 
0.000000000000000 
0.000000000000000 
0.000000000000000 
0.000391766964150 
1.178558636927694 
193.402131588783135 
2046.347456801549924 
4505.211439993606291 
5060.597889959978602 
3775.843346481633489 
3266.083510879029745 
3885.214999774901571 
4963.039146729507593 
5935.524477370910972 
6426.749475580108992 
6530.795456966350685 
6443.472025231954831 
6402.492578913716898 
6510.820485733143869 
6783.131994966319326 
7063.913153789480020 
7297.943455104165878 
7612.710964830483135 
8178.858566423949014 
9090.159609928834470 
10281.950529605073825 
11593.578198596711445 
12919.230546096438047 
14124.032884969621591 
15168.626963353635801 
16016.188974218594012 
16636.474786660044629 
17101.881925880818017 
17472.636580065471207 
17832.380547610981012 
18246.752409175634966 
18771.307586028313381 
19437.724054472477292 
20225.482563442979881 
21147.654270344231918 
22149.338790885765775 
23247.299659507098113 
24395.569075872335816 
25566.264432402367675 
26792.276251768140355 
28035.360823049471946 
29274.365006272357277 
30504.669048347368516 
31684.927507867676468 
32788.119670978696377 
33829.047972802116419 
34839.333524529240094 
35806.809751851717010 
36767.079896892835677 
37748.710458341542108 
38774.522840447149065 
39903.889594327672967 
41088.799004411848728 
42377.848540738727024 
43722.511783171110437 
45121.428988745719835 
46602.923057716958283 
48100.602756823929667 
49595.867753047838050 
50671.603397954699176 
0.000000000000000 
