0.000000000000000 
0.000000000000000 
0.000000000000000 
0.000000000000000 
0.000000000000000 
0.000000000000000 
0.000000000000000 
0.000000000000000 
0.000000000000000 
0.000000000000000 
0.000000000000000 
0.000000000000000 
0.000000000000000 
0.000000000000000 
0.000000000000000 
0.000000000000000 
0.015598440155984 
14.283371662833716 
259.268473152684692 
885.293470652934502 
1521.609639036096269 
1942.506949305069611 
2131.091090890910891 
2185.550644935506170 
2480.293170682931759 
3122.280971902810052 
3823.413858614138917 
4269.313068693130845 
4423.693630636935268 
4397.421857814219038 
4311.387661233876315 
4263.293270672932522 
4295.213478652134654 
4400.344565543445242 
4564.951504849515004 
4802.721727827217364 
5152.841715828417364 
5647.855414458554151 
6283.114888511148820 
7009.012898710128866 
7761.562243775621937 
8487.855214478551716 
9144.363563643635644 
9708.791520847915308 
10174.983301669832144 
10551.077492250773503 
10865.218278172182181 
11150.564543545646302 
11443.303469653033972 
11770.487551244874339 
12154.016398360163294 
12602.171182881709683 
13114.326367363264580 
13689.486651334866110 
14318.082191780820722 
14994.644135586440825 
15711.083491650833821 
16461.596240375962225 
17230.032796720326587 
18009.764623537645093 
18780.688131186878309 
19524.290370962902671 
20239.680231976799405 
20913.427457254270848 
21554.212378762123990 
22172.350564943502832 
22778.924507549243572 
23387.075492450752790 
24020.093990600937104 
24688.646335366465792 
25401.739026097391616 
26167.132086791320035 
26978.338766123386449 
27833.096290370962379 
28720.392760723923857 
29631.783221677829715 
30560.029397060294286 
23268.708929107087897 
0.000000000000000 
