-0.000000000000000 
-0.000000000000000 
-0.000000000000000 
-0.000000000000000 
-0.000000000000000 
-0.000000000000000 
-0.000000000000000 
-0.000000000000000 
-0.000000000000000 
-0.000000000000000 
-0.000000000000000 
-0.000000000000000 
-0.000000000000000 
-0.000000000000000 
-0.000000000000000 
-0.000000000000000 
0.000004941598001 
0.018494589810976 
1.189640044499897 
8.234105863796110 
10.646039143071500 
-1.846609567348953 
-8.652228649557779 
-1.675021503118093 
6.514233269046832 
6.393473277942360 
2.206395957967918 
-1.424385644983763 
-3.859236072110177 
-4.872096645874168 
-4.436333805894218 
-3.098645254197628 
-1.861530075240608 
-1.450070237432305 
-1.372116381463443 
-0.647709777109552 
0.925159058853707 
2.542912674206562 
3.499179407219984 
3.704689705179239 
3.273156635551449 
2.409913661556620 
1.359822876232711 
0.137896195934313 
-1.005940618952587 
-1.894476074598054 
-2.369073699326377 
-2.436843221885488 
-2.182905299173617 
-1.682103255021179 
-1.123535677061938 
-0.485214233483716 
0.040792747312625 
0.450648506856503 
0.841361345041255 
1.107902354239101 
1.290631845767112 
1.434037740918357 
1.433429745683400 
1.213799678951526 
1.008207934403461 
0.468948171118695 
-0.104533830851085 
-0.503537462059025 
-0.955377378077980 
-1.224761077175265 
-1.317416117594467 
-1.274776499644534 
-1.111681089286755 
-0.655495965393904 
-0.283974152742663 
0.108070903566951 
0.415964745300322 
0.702446148667357 
0.870153257763820 
0.831266344649104 
0.814889306862102 
-51.478323034361601 
-0.000000000000000 
