0.000000000000000 
0.000000000000000 
0.000000000000000 
0.000000000000000 
0.000000000000000 
0.000000000000000 
0.000000000000000 
0.000000000000000 
0.000000000000000 
0.000000000000000 
0.000000000000000 
0.000000000000000 
0.000000000000000 
0.000000000000000 
0.000000000000000 
0.000000000000000 
0.000000033451064 
0.000184073500786 
0.020939314236474 
0.274140890038501 
0.929122851615818 
1.284301158991027 
1.030685914612294 
0.783845895249650 
0.953366275607013 
1.317389790239984 
1.569158548580028 
1.655741974557140 
1.623261834593450 
1.524890276226730 
1.415975194469806 
1.339098265045037 
1.307887349364668 
1.303826651541022 
1.304907569265644 
1.315568827514662 
1.360072498296488 
1.451048253814831 
1.578000702241519 
1.720257658242423 
1.859553455016109 
1.982382612881771 
2.082015325721900 
2.154928846907620 
2.200251719150415 
2.222502091957414 
2.229791627181616 
2.231204349056621 
2.234757419805248 
2.245918983619765 
2.268023520106576 
2.301426215991382 
2.346454342913757 
2.399875815819282 
2.460498296759970 
2.527482481574790 
2.597701268590271 
2.671313365859458 
2.746058100909893 
2.818833524028121 
2.888408000414811 
2.952070460154299 
3.006690433669662 
3.053753199388485 
3.094591055408801 
3.129714980551793 
3.162232291880955 
3.194591483024868 
3.228025559054853 
3.266034852323514 
3.309820875811158 
3.358835776344443 
3.412467649430194 
3.469955813544096 
3.530644649984400 
3.592026402902959 
3.652854760318348 
3.555898795074747 
0.000000000000000 
