0.000000000000000 
0.000000000000000 
0.000000000000000 
0.000000000000000 
0.000000000000000 
0.000000000000000 
0.000000000000000 
0.000000000000000 
0.000000000000000 
0.000000000000000 
0.000000000000000 
0.000000000000000 
0.000045775287337 
1.141392297903037 
195.845514946415676 
2064.014841240684746 
4528.439569711359582 
5093.678614073159224 
3818.787487317438718 
3318.082091815563672 
3941.362257609769131 
5018.578991655494974 
5991.456243665642432 
6482.830089527011296 
6582.344560956074019 
6496.948866383419045 
6450.390789396956279 
6562.796361255012926 
6823.986482130832883 
7119.589554400201450 
7364.598501485159431 
7683.119656225117069 
8268.065976943673377 
9188.675772508731825 
10380.293386561033913 
11702.695011389612773 
13029.379883119805527 
14259.313315905195850 
15309.856734611585125 
16149.815861078761372 
16785.850366911625315 
17253.460380719810928 
17628.815260020524875 
17990.056624321088748 
18407.228126152505865 
18942.252361441016546 
19611.624434981284139 
20419.118214761190757 
21333.817589191410661 
22351.844829096975445 
23451.849927810912050 
24607.280003488824150 
25812.921470072265947 
27049.927380276920303 
28300.236376586919505 
29546.902059064195782 
30774.855598579939397 
31959.672784145368496 
33079.344100024769432 
34143.752720827520534 
35146.574738434072060 
36121.951446668812423 
37094.398135691204516 
38088.916532930474204 
39133.493942205495841 
40258.314269529502781 
41457.970767621613049 
42755.864414673385909 
44117.028419723581464 
45555.187721131864237 
47030.680458515053033 
48539.109140969165310 
50043.246870030838181 
51567.710155841341475 
53060.970688466630236 
54533.669623184701777 
55991.828743254278379 
57431.925828418381570 
58859.796663075525430 
60290.719976325905009 
61727.448133289057296 
63180.733814006227476 
64659.119123797565408 
66182.590926087432308 
67754.700025217258371 
69385.166211953081074 
71060.272972223436227 
72757.439629026295734 
74495.696468459966127 
75623.177756796038011 
0.000000000000000 
