0.000000000000000 
0.000000000000000 
0.000000000000000 
0.000000000000000 
0.000000000000000 
0.000000000000000 
0.000000000000000 
0.000000000000000 
0.000000000000000 
0.000000000000000 
0.000000000000000 
0.000000000000000 
0.000004661939846 
0.018749187736096 
1.192418542054150 
8.199701497207846 
10.599132230565807 
-1.789922011974220 
-8.539455081936886 
-1.658619453486731 
6.456904541128795 
6.348323822236070 
2.179924034833705 
-1.440607760110816 
-3.838371009505682 
-4.865207411000836 
-4.436736192366876 
-3.120126704070511 
-1.902748289564452 
-1.427779285761001 
-1.339641190765543 
-0.626289146001914 
0.943014206496279 
2.539290319759801 
3.478889068731323 
3.675214153813942 
3.276864460160580 
2.445031581634250 
1.340581571006276 
0.143829228291863 
-0.998547392015085 
-1.880622195071551 
-2.373712408723911 
-2.451464055569413 
-2.177775598137652 
-1.678908633532132 
-1.096146782308808 
-0.512005594716585 
0.030656088218985 
0.478781319126301 
0.833779491944001 
1.109983333514232 
1.321648990258012 
1.432549265812759 
1.397615576360632 
1.235198834261584 
0.891526094883766 
0.468839703309577 
-0.015427793511238 
-0.505456408442747 
-0.934506726215558 
-1.211635035588172 
-1.331296975800837 
-1.289735016901552 
-1.050898061915213 
-0.733211846847476 
-0.324175657794807 
0.089095150632316 
0.455763415357334 
0.717132383376987 
0.860880638320440 
0.893378339009703 
0.848377396563653 
0.688177373882998 
0.469400814057290 
0.255016480332457 
0.015700318985969 
-0.204848480315334 
-0.390315985639147 
-0.501925992717992 
-0.566175705280174 
-0.574037578928658 
-0.519816534758588 
-0.375711152569631 
-0.217527829546505 
-0.070368681085689 
0.085983504176033 
0.238418925741463 
0.366038310965813 
0.383949430571998 
0.000000000000000 
