0.000000000000000 
0.000000000000000 
0.000000000000000 
0.000000000000000 
0.000000000000000 
0.000000000000000 
0.000000000000000 
0.000000000000000 
0.000000000000000 
0.000000000000000 
0.000000000000000 
0.000000000000000 
0.000000026131555 
0.000186726729511 
0.021058905601805 
0.273611335516827 
0.925414981648600 
1.280662873750888 
1.032232537650073 
0.789262037337404 
0.957591053418625 
1.318872413892737 
1.568797290339645 
1.654699858001508 
1.621963358753424 
1.523784198717053 
1.415515966587309 
1.339077904247955 
1.306541741661595 
1.302015961249904 
1.304192302555480 
1.315710175075788 
1.361139633809928 
1.452262792840289 
1.578910918769376 
1.720561533244590 
1.859199470755338 
1.982385103003957 
2.081948625386031 
2.154440497893352 
2.200069491707431 
2.222780008770757 
2.230213166395929 
2.231537714257278 
2.234836726710779 
2.245916727748891 
2.267925149814938 
2.301960440005524 
2.346214328320739 
2.399665101200657 
2.460624356840180 
2.527348994300907 
2.598630046094376 
2.672486104194207 
2.746722802794254 
2.819034352521601 
2.887999553512305 
2.950881213984804 
3.006192725102366 
3.053997022336542 
3.094716866540743 
3.129823039432475 
3.162351159441149 
3.194359483820367 
3.228491794051173 
3.266772827531589 
3.310135827028419 
3.358868041038095 
3.412543657563212 
3.470247357692625 
3.530697419397813 
3.592445442985816 
3.653570884362594 
3.713832115513805 
3.771985581348686 
3.827174416549638 
3.879888597029578 
3.930136213181453 
3.977669006030344 
4.023482588401223 
4.068266522483979 
4.112533000357082 
4.157180013398218 
4.203067784628553 
4.250517580168699 
4.299589153342997 
4.350372646750676 
4.402759927515209 
4.456171614062937 
4.319746346725081 
0.000000000000000 
