0.000000000000000 
0.000000000000000 
0.000000000000000 
0.000000000000000 
0.000000000000000 
0.000000000000000 
0.000000000000000 
0.000000000000000 
0.000000000000000 
0.000000000000000 
0.000000000000000 
0.000000000000000 
0.016080745872894 
14.449302882559234 
258.679428620306226 
882.296706868531373 
1517.567427936019158 
1940.858951330082846 
2133.473167393721724 
2192.091762894534440 
2487.618715251047433 
3126.769309725429594 
3823.730082969806062 
4266.886357026773112 
4421.093559148062923 
4395.105636814643731 
4309.535437516038655 
4260.327157642631391 
4292.009306303994890 
4396.747446753914119 
4562.419399538106518 
4803.591412197416503 
5155.279548370541306 
5651.543580532033957 
6286.068599777607233 
7010.394217774357458 
7762.384843041656495 
8486.544213497561941 
9143.457942006672965 
9708.402702933879482 
10174.446599948678340 
10552.296946369002399 
10866.436951501154908 
11151.585732614832523 
11443.501257377469301 
11771.131229150627405 
12154.531725258744700 
12601.937079804978566 
13114.735779659567925 
13688.908425284407713 
14318.019262680694737 
14996.347994183561241 
15715.582721751774443 
16465.569515011546173 
17234.538841844154376 
18010.409066803524183 
18776.808245659052773 
19522.174014198957593 
20236.278812761953304 
20913.026567445042019 
21555.640783508679306 
22172.995637670002907 
22778.276007185013441 
23389.139782738857321 
24022.298451800528710 
24691.324642887688242 
25404.930048755450116 
26168.237447609273659 
26979.631442990332289 
27834.159062526730850 
28723.439397827387438 
29635.802514754941512 
30562.287571636297798 
31492.367530579074810 
32419.595107347533485 
33339.858934222909738 
34249.498622872291890 
35148.090257463001763 
36039.057805149263004 
36924.127140535456419 
37809.956992558378261 
38703.458284150197869 
39610.449268668206059 
40537.939030023087980 
41489.717731588403694 
42468.489607390300080 
43474.869318279015715 
44507.809973483876092 
45563.653374390560202 
34570.745462321443483 
0.000000000000000 
