0.000000000000000 
0.000000000000000 
0.000000000000000 
0.000000000000000 
0.000000000000000 
0.000000000000000 
0.000000000000000 
0.000000000000000 
0.000000000000000 
0.000000000000000 
0.000000000000000 
0.000000000000000 
-0.000000235110449 
-0.001579851069589 
-0.162250742513884 
-1.913941281921220 
-5.662647622036274 
-4.894245085200835 
0.013385333763296 
0.691419330460130 
-3.046241226559304 
-5.782291589103393 
-5.530027052597815 
-4.286060050328015 
-3.141504756668922 
-2.307309775690503 
-1.991127553276887 
-2.219398077913939 
-2.732779055076373 
-3.161510695728277 
-3.353550411984878 
-3.585565633246064 
-4.257549707967442 
-5.278192660537325 
-6.311807376977076 
-7.129498126047515 
-7.685442559125413 
-8.007045883685727 
-8.125508079094502 
-8.087575095585244 
-7.951080145422395 
-7.786497249965088 
-7.693679324805014 
-7.736126587013269 
-7.936266329353316 
-8.283038544827377 
-8.746201483344803 
-9.285133550969762 
-9.849817216750516 
-10.434386534848208 
-11.034856978574147 
-11.632212932707972 
-12.234286450413762 
-12.816356728163543 
-13.361987269009060 
-13.852118389186991 
-14.300835107142841 
-14.666980868723288 
-14.956027357778400 
-15.216517107243666 
-15.452541966621835 
-15.701711149487277 
-16.015797936456927 
-16.393980903046735 
-16.854709734224343 
-17.403543526748031 
-18.014599666484319 
-18.674701429069586 
-19.357669276522124 
-20.052866723994999 
-20.726410266850884 
-21.378247461247831 
-21.975470517175722 
-22.564142966233380 
-23.113639350437552 
-23.621430453661517 
-24.130121314993559 
-24.636601159306924 
-25.123064783046338 
-25.633458530657094 
-26.169752167010152 
-26.724625083695411 
-27.322556555214291 
-27.961601538468472 
-28.634525179776631 
-29.329219146101590 
-30.044076039427111 
-30.775325823139887 
-31.502524054068907 
-22.981120219036114 
0.000000000000000 
