0.000000000000000 
0.000999750062484 
0.013496625843539 
0.030992251937016 
0.029492626843289 
0.024493876530867 
0.029992501874531 
0.031992001999500 
0.028492876780805 
0.025993501624594 
0.027993001749563 
0.031992001999500 
0.035491127218195 
0.056985753561610 
0.400399900024994 
2.627343164208948 
11.788552861784554 
37.544613846538368 
90.911772056985740 
175.891027243189200 
285.674581354661314 
406.575856035991023 
522.978255436140898 
617.861034741314597 
685.846038490377396 
728.331417145713544 
746.051487128217900 
745.260184953761609 
729.914021494626354 
705.411647088227937 
675.353161709572532 
642.102974256436028 
609.927518120469813 
578.791802049487615 
548.954761309672563 
521.525118720319938 
496.093976505873513 
473.799050237440611 
453.712071982004545 
436.166958260434853 
421.415646088477899 
407.997000749812571 
396.707823044238921 
386.908272931767044 
378.731317170707314 
373.028742814296436 
368.629842539365200 
365.577605598600371 
364.393401649587645 
363.899025243689039 
364.924768807798046 
367.269682579355162 
371.395651087228202 
376.998750312421862 
383.094726318420385 
391.506123469132717 
401.458135466133513 
412.126968257935516 
424.659835041239717 
438.820794801299712 
455.455636090977237 
474.217945513621544 
494.911772056985797 
517.365658585353685 
541.475631092226877 
567.901024743814105 
595.670582354411408 
625.316170957260738 
657.093226693326642 
690.445388652836755 
725.579105223694114 
761.630092476880804 
796.953761559610030 
832.823794051487198 
869.908022994251496 
909.225193701574653 
947.588602849287554 
984.077980504873722 
1020.348912771807022 
1057.382154461384744 
1092.894276430892205 
1126.539365158710325 
1160.072981754561170 
1189.718070482379517 
1216.948762809297705 
1242.672331917020756 
1264.870782304423756 
1282.672331917020756 
1296.835291177205818 
1306.113471632092114 
1312.974756310922203 
1317.534616345913491 
1318.635841039739944 
1318.719320169957427 
1316.327918020494735 
1311.994501374656465 
1307.033241689577608 
1301.839540114971442 
1296.086478380404969 
1290.969757560610105 
1287.140214946263313 
1284.300424893776380 
1281.962009497625559 
1281.321169707573063 
1281.630592351911901 
1280.347413146713279 
1283.131717070732293 
1288.611847038240285 
1294.624843789052647 
1302.482879280179986 
1311.575106223444209 
1324.527368157960609 
1339.193201699575184 
1353.869032741814635 
1371.400149962509204 
1393.012746813296872 
1416.092476880779941 
1439.607598100474888 
1465.576605848537838 
1493.749562609347777 
1524.124468882779411 
1555.375156210947353 
1586.801799550112264 
1622.089477630592228 
1659.225693576605863 
1696.601349662584425 
1733.617095726068328 
1771.128217945513825 
1812.178455386153473 
1852.350912271931975 
1891.194201449637376 
1931.444138965258389 
1970.104973756560867 
2006.824293926518294 
2043.867033241689569 
2081.314671332167109 
2117.691077230692372 
2152.267933016745701 
2184.042489377655784 
2215.012746813296872 
2245.077230692327248 
2271.989002749312476 
2298.170457385653208 
2323.225693576606318 
2347.238690327418226 
2369.766058485378380 
2392.409897525618362 
2412.877280679830164 
2428.994251437140520 
2445.034241439640027 
2461.095726068482691 
2474.799300174956443 
2487.850037490627528 
2500.324918770307249 
2513.649087728068025 
2528.137965508622983 
2540.066483379155216 
2551.636090977255662 
2564.250937265683660 
2574.976255936016059 
2587.746063484129081 
2603.602099475131126 
2617.049237690577229 
2632.074481379655026 
2647.500624843788955 
2663.908022994251496 
2682.290427393151731 
2701.076230942264374 
2722.134966258435270 
2743.312171957010833 
2767.126218445388531 
2792.799300174956443 
2818.409897525618362 
2847.358160459884857 
2876.599850037490796 
2906.286928267933035 
2939.676080979755170 
2973.836040989752291 
3007.659585103723657 
3041.733066733316264 
3078.589352661834710 
3116.780804798800091 
3155.872031992002121 
3195.217195701074615 
3234.468882779305204 
3275.299175206198015 
3316.558360409897432 
3357.680079980004848 
3396.730317420644496 
3436.688827793052042 
3478.167458135465949 
3517.269682579354594 
3554.887278180454814 
3593.503624093976214 
3633.003749062734641 
3670.476880779805015 
3707.064233941514885 
3741.859535116220286 
3773.787053236690554 
3809.227693076730702 
1914.232941764558745 
