0.000000000000000 
0.000000000000000 
0.000000000000000 
0.000000000000000 
0.000000000000000 
0.000000000000000 
0.000000000000000 
0.000000000000000 
0.000000000000000 
0.000000000000000 
0.000000000000000 
0.000000000000000 
0.003047575854266 
2.372487105430766 
36.200258425782927 
203.728731034348328 
599.196537494750373 
1171.062531683767020 
1647.549837213507999 
1793.901291654100078 
1651.517120236045002 
1397.317476255378324 
1202.066425762088784 
1114.101141743808739 
1099.793921832329261 
1137.534019404587525 
1184.595412853777134 
1220.206615670748533 
1228.421819171378502 
1222.322348960087311 
1201.793747333930924 
1162.691044038608425 
1120.111371084577058 
1076.947056811778566 
1029.774890846418430 
987.990016359350420 
944.178002546202038 
904.727979104109068 
872.350306453197732 
844.652277286242679 
818.748242004715735 
798.119622003646327 
780.498155145257670 
770.422935916282768 
761.512076711991085 
756.089326861853237 
756.540350216120487 
760.193692795970378 
760.158956923959977 
769.950252067936162 
785.911315382164162 
794.224714887581626 
816.700408767940644 
844.332356501546542 
866.202646675446658 
894.687699407560331 
938.668692556189285 
976.504541515527649 
1018.250027576714047 
1070.320383566366218 
1123.381385783567112 
1184.157358751625907 
1247.663830570107621 
1313.612335747343423 
1385.738129401366223 
1455.545336889445480 
1542.039420343123084 
1621.786335436519039 
1702.386385106259013 
1785.537256170258161 
1874.528536678916907 
1964.412139728762440 
2044.210551727052462 
2119.824895005029248 
2216.611368354429942 
2304.885951668505186 
2398.906821230691548 
2475.979740044405844 
2561.308841210861374 
2628.166460440883384 
2687.063864613457554 
2743.996397854688439 
2796.095353293780136 
2822.183564257692524 
2849.593667405622000 
2876.718914527652032 
2894.122225939444434 
2905.510694280137159 
2903.793315315585915 
2907.316704809299608 
2897.938344558552672 
2887.302254689777328 
2871.539731092814236 
2871.874850532356504 
2852.262698970151632 
2844.110880188641659 
2836.561101112069991 
2820.673090488379785 
2818.754405615609357 
2806.407384759521392 
2804.255005559685742 
2819.652577237326113 
2812.231958767376000 
2816.615554261888974 
2837.214755670148406 
2848.571297089405107 
2868.424326242726238 
2893.522923826839360 
2921.255857800837475 
2952.461684547245568 
2997.296939080199536 
3040.556020858850388 
3082.845005642886008 
3142.451587075694533 
3203.522051176594232 
3265.188750054271168 
3329.393498751565858 
3398.352473058813757 
3462.643879167336763 
3558.065931006527535 
3637.936922062697704 
3723.917644407858916 
3796.960238676932022 
3883.529291302176716 
3982.023837683190322 
4067.244728152363678 
4166.158434352281802 
4261.047969653170185 
4345.105834840697753 
4437.186446811408132 
4530.797949567875548 
4618.403485479533629 
4681.580438646220500 
4772.792748568906063 
4849.164155510252385 
4929.388261698105453 
4994.832885184716361 
5072.110015733045657 
5127.954873010197844 
5190.132319524594095 
5244.002871411135857 
5290.813263296514378 
5348.921301808990393 
5379.610637413531549 
5425.461509745206058 
5456.239161448732375 
5500.320053399484095 
5541.830206225318761 
5564.145349165071821 
5588.276064540335938 
5627.730882071384258 
5644.036787779435144 
5663.811674036192017 
5684.091932782385811 
5720.980149111205719 
5745.722811164192535 
5772.990027121547428 
5815.877306805768058 
5835.919090172004871 
5869.487758756167750 
5893.323736193129662 
5945.830872515472038 
5980.807607592377281 
6019.209319659499670 
6053.726073315287067 
6106.824395530848960 
6158.111519136636161 
6214.650699829719088 
6279.430098839802667 
6345.321668914574730 
6405.990513335538708 
6469.960398174558577 
6551.533475829395684 
6618.222505865461244 
6690.631473872610513 
6779.586842331941625 
6856.936393432371005 
6957.249352867829657 
7047.839074367390822 
7114.401401698662994 
7232.046982084491901 
7314.015363232797426 
7404.294271629991272 
7507.506621906799410 
7598.441560755163664 
7686.748514997838356 
7789.061246729536833 
7880.473240086244004 
7965.118140428704464 
8053.334817955571452 
8149.883968723583166 
8231.829095251196122 
8315.954738391936189 
8406.293681823077350 
8480.558177142907880 
8565.813101262347118 
8638.344461219126970 
8708.105397682698822 
8764.097689337606425 
8846.882162258460085 
4454.126801833124773 
