0.000000000000000 
0.000000000000000 
0.000000000000000 
0.000000000000000 
0.000000000000000 
0.000000000000000 
0.000000000000000 
12.000000000000000 
56.000000000000000 
122.000000000000000 
202.000000000000000 
282.000000000000000 
330.000000000000000 
320.000000000000000 
290.000000000000000 
302.000000000000000 
282.000000000000000 
274.000000000000000 
292.000000000000000 
280.000000000000000 
248.000000000000000 
244.000000000000000 
240.000000000000000 
222.000000000000000 
254.000000000000000 
248.000000000000000 
270.000000000000000 
284.000000000000000 
260.000000000000000 
284.000000000000000 
294.000000000000000 
308.000000000000000 
306.000000000000000 
310.000000000000000 
384.000000000000000 
402.000000000000000 
418.000000000000000 
470.000000000000000 
498.000000000000000 
546.000000000000000 
582.000000000000000 
600.000000000000000 
586.000000000000000 
622.000000000000000 
674.000000000000000 
696.000000000000000 
722.000000000000000 
714.000000000000000 
738.000000000000000 
740.000000000000000 
768.000000000000000 
814.000000000000000 
754.000000000000000 
712.000000000000000 
726.000000000000000 
772.000000000000000 
832.000000000000000 
866.000000000000000 
810.000000000000000 
824.000000000000000 
930.000000000000000 
934.000000000000000 
914.000000000000000 
944.000000000000000 
986.000000000000000 
1056.000000000000000 
1130.000000000000000 
1120.000000000000000 
1160.000000000000000 
1232.000000000000000 
1204.000000000000000 
1234.000000000000000 
1346.000000000000000 
1252.000000000000000 
1232.000000000000000 
1380.000000000000000 
1412.000000000000000 
1450.000000000000000 
1432.000000000000000 
1324.000000000000000 
1420.000000000000000 
1474.000000000000000 
1416.000000000000000 
1474.000000000000000 
1400.000000000000000 
1240.000000000000000 
1328.000000000000000 
1438.000000000000000 
1304.000000000000000 
1240.000000000000000 
1342.000000000000000 
1360.000000000000000 
1256.000000000000000 
1224.000000000000000 
1234.000000000000000 
1200.000000000000000 
1148.000000000000000 
1134.000000000000000 
1078.000000000000000 
1010.000000000000000 
1010.000000000000000 
1068.000000000000000 
1022.000000000000000 
936.000000000000000 
924.000000000000000 
914.000000000000000 
982.000000000000000 
884.000000000000000 
760.000000000000000 
764.000000000000000 
726.000000000000000 
742.000000000000000 
712.000000000000000 
628.000000000000000 
608.000000000000000 
618.000000000000000 
576.000000000000000 
510.000000000000000 
538.000000000000000 
506.000000000000000 
454.000000000000000 
410.000000000000000 
318.000000000000000 
264.000000000000000 
254.000000000000000 
264.000000000000000 
208.000000000000000 
178.000000000000000 
192.000000000000000 
164.000000000000000 
144.000000000000000 
134.000000000000000 
120.000000000000000 
130.000000000000000 
136.000000000000000 
106.000000000000000 
72.000000000000000 
68.000000000000000 
62.000000000000000 
56.000000000000000 
54.000000000000000 
60.000000000000000 
46.000000000000000 
28.000000000000000 
24.000000000000000 
10.000000000000000 
4.000000000000000 
4.000000000000000 
2.000000000000000 
2.000000000000000 
4.000000000000000 
2.000000000000000 
0.000000000000000 
0.000000000000000 
0.000000000000000 
0.000000000000000 
0.000000000000000 
0.000000000000000 
0.000000000000000 
0.000000000000000 
0.000000000000000 
0.000000000000000 
0.000000000000000 
0.000000000000000 
0.000000000000000 
0.000000000000000 
0.000000000000000 
0.000000000000000 
0.000000000000000 
0.000000000000000 
0.000000000000000 
