0.000000000000000 
0.000000000000000 
0.000000000000000 
0.000000000000000 
0.000000000000000 
0.000000000000000 
0.000000000000000 
0.000000000000000 
0.000000000000000 
0.000000000000000 
0.000000000000000 
0.000000000000000 
0.000000000000000 
0.002713295048106 
0.057031201623348 
0.374266253987852 
1.363426821840730 
3.468782834791145 
6.490491601818898 
9.364275870785736 
11.023904012346639 
10.835641993110038 
9.120433614990240 
6.457809913300748 
3.533789965680953 
0.809482782793836 
-1.414083481765271 
-3.052153746198693 
-4.092023765784519 
-4.703775173144359 
-5.018895286849882 
-5.033799293101670 
-4.888544336389922 
-4.658113236013361 
-4.305256057950566 
-4.050328300020015 
-3.722367359459503 
-3.393287677061013 
-3.063686511670098 
-2.796017220417990 
-2.547821268195626 
-2.239009717982398 
-1.998076877222238 
-1.785047960660727 
-1.620136645232005 
-1.435775997746594 
-1.263022574774418 
-1.102733486755247 
-0.959511419345005 
-0.816917580014027 
-0.659492521545637 
-0.501126111835303 
-0.374827716056745 
-0.274256291973944 
-0.125224140239953 
0.031342709351495 
0.186968072801375 
0.324498977439197 
0.469560461845394 
0.604393516976638 
0.770196638990637 
0.944979664916893 
1.066631035338561 
1.296890937971940 
1.467019242113755 
1.598876042747240 
1.687117401268632 
1.858416171892361 
1.984076505433260 
2.094318160553061 
2.147528691144597 
2.154799489397726 
2.201292591799852 
2.272964827477233 
2.208873854355909 
2.150774692671725 
2.091728370299438 
2.086802765766410 
1.963832447024877 
1.913554069328148 
1.729086682861008 
1.617730529605133 
1.338803131179819 
1.005065336038764 
0.695610320623916 
0.393611673019220 
0.060354731012001 
-0.319476791799306 
-0.702851723956220 
-1.068581308117935 
-1.316558628294628 
-1.637202831451088 
-1.869902662664887 
-2.082158201124924 
-2.242474500330611 
-2.254017930026739 
-2.307547164827902 
-2.398563063669040 
-2.365312583695703 
-2.335444690414785 
-2.262740797133812 
-2.160978926843048 
-2.006238410882689 
-1.878112922903137 
-1.787301461027188 
-1.612132539378270 
-1.467434736262705 
-1.288586613679955 
-1.030408673303225 
-0.852168577803025 
-0.685708705001681 
-0.516182765571075 
-0.289365203037426 
-0.104748432896184 
0.039330191083047 
0.245499068602498 
0.493575077291075 
0.531246400099134 
0.802214801081121 
0.980407116749388 
1.045084175095531 
1.141566534726667 
1.382891909211301 
1.443273262679253 
1.582523642650014 
1.640795080580473 
1.647855089664032 
1.675971201726907 
1.798865282232282 
1.752460387790971 
1.740873533946374 
1.619009564291157 
1.578735879200390 
1.499104481399547 
1.322728251505914 
1.266562088086332 
1.172381443783439 
0.997458502808799 
0.767170493709043 
0.617215916327477 
0.490545854702345 
0.402885936553626 
0.143374744949098 
-0.058629909779012 
-0.219342198912885 
-0.293491343543209 
-0.523970475865155 
-0.711696209100205 
-0.753349536714280 
-0.863505902266560 
-0.965721524923088 
-1.064348021241314 
-1.199381596061023 
-1.268579279669395 
-1.238017341057581 
-1.395232946716486 
-1.357031379583387 
-1.263094058821461 
-1.304497609553136 
-1.302599810414015 
-1.322099189950089 
-1.286882827177988 
-1.192243269804081 
-1.114725988316498 
-0.950213625210506 
-0.897006529687972 
-0.779625771119786 
-0.695638300778509 
-0.477821921319193 
-0.365037126138896 
-0.302552387055312 
-0.135031658994713 
-0.003938998109038 
0.064569327115332 
0.256374702490762 
0.362403552091639 
0.492744695978025 
0.585817463986814 
0.719739591198013 
0.756017254151253 
0.824840163311961 
0.875813064364413 
0.964170412578729 
0.996714072900418 
1.127693382059071 
1.231229606323883 
1.058863807143381 
1.071695231888906 
1.070471707979250 
0.939285422114114 
0.977472415115417 
0.853958265399001 
0.899825569325608 
0.694525539569744 
0.598042321868143 
0.530053246897997 
0.474462428729417 
0.423417056581672 
0.300493306675654 
0.257796989087477 
0.054908826370689 
