0.000000000000000 
-0.000091426617511 
-0.001051406101378 
-0.000548559705067 
0.000685699631334 
-0.000228566543778 
-0.000274279852533 
0.000091426617511 
0.000228566543778 
0.000000000000000 
-0.000182853235022 
-0.000182853235022 
-0.000137139926267 
-0.001828532350223 
-0.029576510764856 
-0.174076279741221 
-0.663711529822163 
-1.691666703808730 
-3.188731852244985 
-4.582576349511158 
-5.457071946005270 
-5.599286049543855 
-5.045652167205112 
-3.631328107616445 
-2.585864736376489 
-1.299400801377159 
-0.321090280699144 
0.393454448459216 
1.009944130336805 
1.230785124935093 
1.518047557155064 
1.522664601339377 
1.419763943330582 
1.427580919127785 
1.301000767183604 
1.207425624160914 
1.118238958778860 
0.920620325028482 
0.916323274005458 
0.688168150006394 
0.660831591370561 
0.566296468863990 
0.466092896071873 
0.430070808772430 
0.317707495851231 
0.203789930432344 
0.198487186616697 
0.080638276644765 
0.027656551797188 
0.017553910562140 
-0.111357620128576 
-0.103083511243817 
-0.274234139224682 
-0.238166338616535 
-0.319307461657677 
-0.449910384772348 
-0.460195879242352 
-0.515463269528006 
-0.630660807591731 
-0.664351516144741 
-0.856895972623213 
-0.858907358208459 
-1.033532197654747 
-1.019863918336831 
-1.184980389561960 
-1.231607964492644 
-1.307903476805695 
-1.403170012252309 
-1.502825025339458 
-1.547212648141119 
-1.665747257744446 
-1.631096569707465 
-1.599234393504961 
-1.681061216177437 
-1.710272020472248 
-1.885262566388581 
-1.623051027366615 
-1.713883371863938 
-1.603074311440430 
-1.783596167716187 
-1.463968712897221 
-1.612856959514122 
-1.453774645044728 
-1.257253130704806 
-1.232979363755028 
-1.119427504806468 
-0.910609110411012 
-0.717333240992450 
-0.577861935979197 
-0.270622787832991 
-0.356838088146002 
-0.060158714322334 
-0.040547704866193 
0.032913582304012 
0.185778886782648 
0.210509786818976 
0.243194802580099 
0.231766475390754 
0.294347995077134 
0.173573433344910 
0.176636225031534 
0.083061082008876 
0.130785776349694 
-0.072181314525050 
0.043884776405350 
0.073461287170206 
-0.328084416938747 
-0.173070586948599 
-0.376814804072187 
-0.341798409565418 
-0.489680963389697 
-0.694796579775952 
-0.646386185803800 
-0.695710845951063 
-0.907500605415633 
-1.068960011941358 
-1.041669166612088 
-1.108776303866420 
-1.266075799294346 
-1.310326282169741 
-1.467442924362645 
-1.390415999109504 
-1.483534009044606 
-1.743505595937550 
-1.652581824822715 
-1.765402270831469 
-1.619668242518702 
-1.810704159808242 
-1.943318468508159 
-1.730431589633456 
-1.821766780527090 
-1.859068840471638 
-1.676444171993124 
-1.681518349264993 
-1.706020682757980 
-1.718546129357006 
-1.608057062094787 
-1.553978217836944 
-1.351788253211045 
-1.480425504049228 
-1.268955737747523 
-1.192111665726204 
-1.202168593654056 
-1.089119581101524 
-1.106856344898686 
-0.953259627479961 
-1.117507545838734 
-0.754223881158197 
-0.719664619738984 
-0.747184031609839 
-0.721630292015473 
-0.531554354209801 
-0.661928710780695 
-0.478892622523381 
-0.739595622356414 
-0.585404631923866 
-0.505452054910369 
-0.552582476237365 
-0.601038583518272 
-0.379786169141299 
-0.788006016328565 
-0.662020137398206 
-0.567713581435459 
-0.806337053139550 
-0.604375655057429 
-0.896072278226739 
-0.784988937952924 
-0.932962918390514 
-0.992847352862287 
-0.943796972567558 
-1.233985056547934 
-1.113804767829533 
-1.228270892953488 
-1.419032530390493 
-1.255104605193009 
-1.459763088491709 
-1.593657369836782 
-1.530253010592802 
-1.562892313044281 
-1.553109664970588 
-1.817378302886555 
-1.675209912656724 
-1.899662258646586 
-1.698432273504555 
-1.891113869909294 
-1.842794902554654 
-1.930335888821576 
-1.830223742646871 
-1.740899937338482 
-1.913284824655747 
-1.879914109264179 
-1.695963754833792 
-1.744145582258091 
-1.787298945725388 
-1.824966712139980 
-1.601931478721540 
-1.743962729025105 
-1.438049266832811 
-1.481705476694384 
-1.759322400766978 
175.055595954692137 
