0.000000000000000 
0.000000229520156 
0.000027241486338 
0.000061960018010 
0.000075236409753 
0.000044088009220 
0.000056874137734 
0.000064579708963 
0.000054909046257 
0.000044189611826 
0.000053188866609 
0.000062446128726 
0.000061190927929 
0.000080005788924 
0.000471877596364 
0.003533808824198 
0.016960247065875 
0.056221071177292 
0.138699004074707 
0.268439304627760 
0.434113771412658 
0.609999253506484 
0.772635380080044 
0.900284994639354 
0.983191463185504 
1.027367514407521 
1.036196947813146 
1.019313308572813 
0.982166872534952 
0.935104136284153 
0.883274238331240 
0.827087671420851 
0.774595677740584 
0.725332044534289 
0.678170538379307 
0.636010135397665 
0.596186841413756 
0.562345744951410 
0.531906636768337 
0.505107787985458 
0.481579886099108 
0.460456422360748 
0.442300477595396 
0.425640177252953 
0.412321863052376 
0.401632685540114 
0.391569820305659 
0.384400990471251 
0.378438790190122 
0.373506386559707 
0.371413000070082 
0.368236456983461 
0.369419060565966 
0.370891389944713 
0.372182072126341 
0.376578253862239 
0.382732189153053 
0.388087758972955 
0.396648477740444 
0.404895079365679 
0.416261652686407 
0.429438150912633 
0.443274513290281 
0.459174127108229 
0.476260874648610 
0.494058875863484 
0.513911634343209 
0.534578971808976 
0.555625998766619 
0.579632076276555 
0.603352308351681 
0.626885206301269 
0.650937941903186 
0.673813069592985 
0.697759248535194 
0.722832670660036 
0.747346188751728 
0.768510535813077 
0.791500634742764 
0.812481686110159 
0.832358129328812 
0.852070780437634 
0.869584375175561 
0.884708255046281 
0.897536049095853 
0.909815746629597 
0.918079616181276 
0.923621583166668 
0.926344503873836 
0.926125792976014 
0.924570351942445 
0.920038014305264 
0.912888278746819 
0.907223072608120 
0.898028146101824 
0.889299108490084 
0.878764726286420 
0.868873048495797 
0.859000573373577 
0.849276250649059 
0.840345202507858 
0.833577995236717 
0.825414478450368 
0.819102421192492 
0.813907026315421 
0.807579508483515 
0.803806158766318 
0.801116998267700 
0.799994428418615 
0.799330158102491 
0.799520804912006 
0.801968233679516 
0.805392262198753 
0.809202574926843 
0.814707185373183 
0.821537313067226 
0.829823028998447 
0.838985960478327 
0.847578617909062 
0.859554481273583 
0.870834328688469 
0.883378827054570 
0.895853607685864 
0.909196422923913 
0.925610672740071 
0.940360039484405 
0.954741677272577 
0.970380754583720 
0.986037849764885 
1.002376932095486 
1.017499578501696 
1.032945218209735 
1.047160773373347 
1.061298777113179 
1.073939744651742 
1.087689171087236 
1.100240648248042 
1.112006689205443 
1.121957939161967 
1.132061522244501 
1.140995288776785 
1.147500834009533 
1.155114946618263 
1.160552614955086 
1.167023082821324 
1.171219746974686 
1.176466555450604 
1.180001020796331 
1.181205131047930 
1.183464760301352 
1.184851567594906 
1.184741600325993 
1.185024193343996 
1.184565950877191 
1.184968571745373 
1.185563460400647 
1.185229437745028 
1.184700705048841 
1.184021048166206 
1.183517926569740 
1.183520812988941 
1.184402062471504 
1.184589724919981 
1.185524413842561 
1.186951555919176 
1.188331304054997 
1.190612387239092 
1.193241435974235 
1.197125992154596 
1.200014449331756 
1.204726126054422 
1.210593018124879 
1.215784996947844 
1.222291196653223 
1.229215858779575 
1.236085358262761 
1.244327346197170 
1.253348611906854 
1.262227046758815 
1.269386181808181 
1.279837675741404 
1.289669355530858 
1.300375282293943 
1.310302367379923 
1.320150133254438 
1.331349568477099 
1.342070159513029 
1.352213901172727 
1.362353040956066 
1.372751903381162 
1.383039451142065 
1.392750334244896 
1.401017888423902 
1.410051058114722 
1.420206664486878 
1.428512259834133 
1.436356505152970 
1.443549446161282 
1.449835079198148 
1.458062669181318 
0.731397076049195 
