-0.000000000000000 
-0.000000000000000 
-0.000000000000000 
-0.000000000000000 
-0.000000000000000 
-0.000000000000000 
-0.000000000000000 
-0.000000000000000 
-0.000000000000000 
-0.000000000000000 
-0.000000000000000 
-0.000000000000000 
-0.000000000000000 
0.003249772084943 
0.064307251111104 
0.364457257787137 
1.349887495725903 
3.509709273781599 
6.516730780597001 
9.500862938530437 
10.912447579597320 
10.908215737507609 
9.167022913475369 
6.555960276830190 
3.575196380140147 
0.720599071622277 
-1.545495290045795 
-2.559121474197586 
-4.338852502081297 
-4.831883453257920 
-5.085857914547193 
-4.883675993383345 
-4.955148913835107 
-5.013517998321966 
-4.100538970928619 
-3.867857373707805 
-4.032333842182124 
-3.405134987081312 
-2.704061096655811 
-2.785159783566894 
-2.761098694311562 
-2.431051700065627 
-1.717641315147517 
-1.801061085015673 
-1.571232359265492 
-1.502633694780960 
-1.500929449628108 
-0.849003299596657 
-1.121903323636981 
-0.870860764358686 
-0.598738010916896 
-0.562886378264853 
-0.269107755460792 
-0.309018112484021 
0.003830314226757 
0.042169106768880 
0.214375694563770 
-0.161204805962833 
0.640853919331397 
0.516135116790339 
1.321790929052072 
0.586367791794057 
0.759764678847383 
1.722869672972260 
1.422080410612791 
1.185897445939792 
1.751313125168164 
2.095627021628758 
2.243367938044118 
1.828895648237110 
2.401730000021645 
1.811088318955542 
2.471697957810370 
2.296206243944862 
2.188077692735247 
1.988306406313314 
2.359352107428956 
1.804719223152558 
2.510246839890067 
1.570119424418355 
1.760286521161440 
1.734514143857814 
1.555159567994003 
0.302347650757323 
0.873114904663715 
0.592072676158595 
0.030343900681149 
-0.614724409158695 
-0.577867957148120 
-0.798910964871188 
-1.590353715573661 
-1.723361152788205 
-1.929089378464100 
-1.938242739789828 
-1.948234567055305 
-2.686115607635221 
-2.093238742692494 
-2.436841905810339 
-1.723995600479885 
-2.803606494272569 
-2.409809002453690 
-2.420865598173509 
-1.447230709019959 
-2.350234284405006 
-1.337779220746241 
-1.832280020018890 
-1.393990479212143 
-1.374986366009707 
-0.987812861505565 
-0.733608382985615 
-1.245919176977741 
-0.528145424175523 
-0.034813324669437 
-0.173810630283177 
0.124323783515473 
0.416693843812840 
0.668562957967790 
0.375115661459762 
0.738183028583063 
1.490021795204173 
0.405703771029530 
0.891715638118760 
1.995371660689395 
1.108706264924674 
1.888608868079518 
1.418934934585046 
1.552533484582427 
1.664347424159188 
1.556978404288279 
1.602568152798627 
1.762697690754686 
2.568670100625311 
1.556715037056792 
0.518887963879478 
1.552123056076085 
1.197197318288070 
1.657924692704662 
0.934537745076832 
0.492273874407455 
0.849478064422620 
0.642769039534268 
0.278399914844597 
-0.069793720367124 
-0.778855696584893 
1.144176953766737 
-0.819393826022820 
-0.657971905058361 
-0.549187068822903 
-0.864074143699638 
-1.073269053153229 
-1.006206064043202 
-0.578061585984093 
-1.448006926891803 
-1.897683398593962 
-0.395448175232454 
-0.932556880965226 
-1.819837950116320 
-1.955381376199660 
-0.572188690127545 
-1.822644863355713 
-1.095932932209519 
-0.534754327467286 
-1.692789934514674 
-0.949561819316583 
-1.279305500995819 
-0.609585279515789 
-1.180633912932930 
-0.049219155725080 
-1.085700331180940 
-0.063779655593901 
-0.116828108960256 
-0.186951579281755 
-0.245382380452306 
0.337429102440714 
-0.024244176212386 
0.262990093886437 
-0.095121880051782 
1.502573870119653 
0.310717659568590 
0.812416811733808 
0.933935278182274 
0.989052220240547 
1.282980161661368 
0.246349821827327 
2.046503641972673 
0.606877480653500 
0.283344647162722 
2.215432700950915 
-0.231489762192058 
2.029260792671026 
0.085793683582220 
1.466306297824876 
0.470257368678204 
1.012232953919848 
0.683382820191868 
0.619387611647288 
1.139629103018711 
-0.080328512018631 
0.700303637054204 
-0.063572684834753 
-388.891864049949845 
